12
435
133
135
634
467
356
24677
246
5661
46
456
2356
2356
235
267
226
262
2366
6652
35
23
2345
2356
235
2367
87
64
34
53
12
435
133
135
634
467
356
24677
246
5661
46
456
2356
2356
235
267
226
262
2366
6652
35
23
2345
2356
235
2367
87
64
34
53
12
435
133
135
634
467
356
24677
246
5661
46
456
2356
2356
235
267
226
262
2366
6652
35
23
2345
2356
235
2367
87
64
34
53
12
435
133
135
634
467
356
24677
246
5661
46
456
2356
2356
235
267
226
262
2366
6652
35
23
2345
2356
235
2367
87
64
34
53
12
435
133
135
634
467
356
24677
246
5661
46
456
2356
2356
235
267
226
262
2366
6652
35
23
2345
2356
235
2367
87
64
34
53
12
435
133
135
634
467
356
24677
246
5661
46
456
2356
2356
235
267
226
262
2366
6652
35
23
2345
2356
235
2367
87
64
34
53
12
435
133
135
634
467
356
24677
246
5661
46
456
2356
2356
235
267
226
262
2366
6652
35
23
2345
2356
235
2367
87
64
34
53
12
435
133
135
634
467
356
24677
246
5661
46
456
2356
2356
235
267
226
262
2366
6652
35
23
2345
2356
235
2367
87
64
34
53
